1
2
3
4
5
6
7
31
120
105
118
32
85
100
36
104
90

126
127
98

131
77
53
133
94
132
14

48
91
39
84
40
70
96
129
67
25
62
45
10
13
54
8
75
55
20
65
81
24
49
137
18

152
44
156
19
51
145
139
150
43
17
155
68

57
141
142
143
66
147
144
23
154
61
158
279
278
274
282
280
283
271
176
180
198
307
301
296
299
298
303
264
207
228
186
269
265
266
295
200
219
199
188
192
178
209
169
177
320
317
167
315
319
318
229
179
221
164
244
175
166
172
293
250
257
288
182
165
258
170
260
262
168
187
261
195
267
290
196
201
204
286
213
285
248
215
321
322
205
323
251
325
194
284
234
300
291
308
231
302
327
329
326
218
224
230
243
334
227
287
242
324
217
330
237
235
208
332
331
333
233
189
306
259
241
297
216
253
184
191
336
339
341
338
337
344
345
346
347
348
349
353
402
351
360
352
390
356
350
422
387
385
404
388
366
368
362
369
401
416
400
423
392
483
480
468
464
497
405
417
498
442
500
499
494
496
493
490
440
418
520
446
506
521
438
523
569
559
563
571
452
556
573
562
572
529
394
439
577
443
526
552
455
580
585
557
579
582
377
466
430
363
588
451
432
445
458
587
596
592
436
600
595
601
461
507
456
419
441
371
421
393
593
384
444
380
376
379
607
608
605
591
513
609
604
603
602
631
463
630
628
616
617
459
568
627
615
570
614
619
620
515
454
626
509
357
395
472
359
566
565
383
635
504
551
578
621
610
522
625
634
428
637
632
547
633
476
613
470
629
467
550
636
546
474
487
648
645
650
475
484
642
514
652
649
651
647
410
364
370
447
583
530
611
584
561
534
469
623
450
457
473
420
655
643
397
408
435
659
664
663
678
669
668
674
671
670
673
676
679
681
801
797
787
785
783
682
802
793
791
775
795
796
799
790
803
687
685
792
684
807
816
817
688
811
818
815
774
769
819
813
781
756
804
806
766
734
824
739
738
737
733
718
720
708
741
726
742
740
744
728
735
721
838
860
831
858
832
842
849
846
844
840
719
839
729
712
711
749
848
825
826
695
837
862
859
874
873
878
1017
991
1023
908
1028
977
889
994
913
1029
986
979
925
919
984
974
863
823
973
904
951
937
958
938
972

956
975
924
935
933
940
936
947
954
939
934
962
865
945
944
905
911
900
897
1027
902

898
903
895
906
907
915
929
932
930
970
910
967
964
914
927
917
952
928
963
960
965
961
959
1031
1032
1033
1084
1034
1066
1081
1076
1082
1039
1040
1158
1162
1165
1043
1170
1167
1038
1169
1161
1036
1160
1041
1163
1047
1050
1157
1103
1134
1052
1051
1148
1151
1092
1093
1085
1152
1054
1155
1149
1074
1132
1150
1137
1239
1131
1240
1237
1118
1114
1242
1198
1062
1098
1215
1245
1221
1216
1127
1209
1128
1064
1248
1217
1246
1065
1086
1125
1119
1061
1096
1044
1120
1106
1142
1121
1108
1139
1254
1112
1143
1136
1107
1273
1238
1266
1268
1283
1284
1288
1255
1260
1253
1281
1276
1275
1279
1302
1278
1280
1277
1261
1130
1303
1299
1304
1294
1274
1094
1257
1116
1110
1144
1083
1133
1301
1057
1262
1293
1311
1251
1306
1123
1175
1256
1071
1383
1334
1386
1327
1325
1323
1382
1329
1335
1337
1384
1387
1385
1374
1379
1375
1364
1377
1365
1360
1362
1361
1366
1367
1333
1182
1356
1363
1321
1376
1390
1393
1401
1402
1389
1398
1391
1346
1397
1400
1395
1427
1270
1194
1429
1331
1204
1172
1298
1417
1056
1292
1220
1229
1317
1435
1315
1440
1345
1212
1037
1450
1185
1442
1464
1431
1465
1449
1358
1446
1455
1330
1414
1469
1347
1467
1459
1471
1340
1470
1480
1474
1475
1099
1484
1479
1434
1485
1490
1197
1487
1226
1489
1224
1496
1502
1493
1111
1501
1498
1353
1355
1129
1174
1176
1503
1497
1357
1341
1369
1309
1453
1492
1308
1100
1508
1507
1451
1504
1314
1506
1349
1233
1462
1336
1338
1494
1231
1102
1297
1178
1515
1437
1516
1432
1443
1476
1193
1055
1177
1191
1179
1436
1458
1195
1186
1181
1332
1521
1522
1305
1307
1556
1523
1560
1518
1571
1565
1562
1569
1563
1549
1542
1544
1541
1513
1537
1595
1592
1585
1586
1524
1587
1629
1519
1596
1625
1590
1611
1612
1588
1642
1618
1609
1584
1615
1607
1621
1573
1580
1597
1575
1510
1192
1532
1637
1582
1639
1080
1087
1171
1623
1420
1647
1658
1679
1657
1680
1661
1686
1687
1693
1690
1681
1682
1678
1187
1200
1205
1528
1666
1691
1572
1671
1670
1668
1540
1610
1545
1662
1095
1663
1536
1548
1697
1659
1627
1640
1733
1724
1726
1628
1551
1739
1626
1650
1654
1202
1719
1721
1728
1716
1743
1638
1759
1763
1760
1643
1741
1324
1764
1752
1352
1750
1765
1745
1351
1766
1754
1696
1604
1731
1461
1708
1426
1769
1703
1710
1768
1421
1717
1535
1770
1606
1574
1316
1514
1407
1732
1645
1208
1695
1531
1530
1546
1527
1772
1525
1757
1593
1727
1773
1746
1529
1511
1339
1477
1428
1665
1620
1622
1758
1751
1755
1533
1784
1788
1748
1785
1816
1812
1805
1849
1848
1853
1854
1852
1851
1776
1814
1807
1847
1833
1404
1326
1406
1878
1850
1831
1810
1817
1811
1808
1840
1876
1869
1870
1873
1797
1631
1867
1868
1881
1796
1802
1883
1798
1249
1877
1884
1909
1905
1906
1895
1903
1907
1904
1902
1887
1908
1914
1917
1913
1890
1912
1898
1911
1901
1893
1916
1897
1899
1931
1932
1930
1925
1928
1924
1922
1937
1918
1920
1900
1934
1936
1938
1939
1943
1944
1742
1889
1926
1923
1888
1836
1961
1958
1959
1795
1972
1948
1962
1969
1957
1976
1951
2003
2000
2005
2002
1964
1975
2024
1999
1979
1985
2015
1995
1978
2013
1991
1952
1977
2027
1996
2026
1983
1799
2028
2001
1423
2030
2032
1966
2022
2031
2025
2009
1982
2035
1989
2012
2008
2023
2019
1879
2010
2057
2047
2049
2059
2053
1955
2004
2046
2034
2063
1718
2014
1953
2037
2065
2039
2020
2017
1348
1819
1415
1405
2079
2075
1725
1865
2120
2119
2116
2085
2109
2138
2146
2143
2141
2164
2161
2153
2152
2155
2134
2172
2170
2112
2106
2226
2206
2205
2218
2207
2201
2156
2210
2223
2225
2227
2217
2228
2231
2166
2234
2189
2216
2224
2114
2196
2194
2211
2168
2233
2215
2132
2214
2193
2182
2124
2125
2253
2251
2097
2285
2261
2268
2270
2288
2299
2123
2300
2273
2265
2213
2262
2272
2301
2266
2260
2275
2278
2286
2289
2267
2093
2291
2298
2297
2257
2290
2258
2276
2279
2280
2283
2087
2154
2264
2284
2230
2236
2118
2197
2256
2254
2240
2199
2246
2238
2292
2237
2108
2263
2107
2252
2099
2212
2103
2190
2128
2250
2129
2176
2255
2092
1866
2303
2302
2126
2198
2259
2294
2136
2127
2149
2175
2183
2306
2179
2336
2339
2327
2348
2392
2398
2399
2400
2389
2406
2397
2396
2343
2393
2347
2322
2366
2358
2374
2361
2337
2382
2368
2332
2434
2317
2420
2442
2315
2454
2453
2245
2340
2449
2405
2461
2320
2463
2359
2219
2477
2385
2384
2388
2470
2304
2354
2341
2471
2248
2429
2381
2451
2088
2104
2379
2380
2310
2441
2329
2428
1644
2178
2467
2177
2131
2195
2459
2445
2455
2484
2486
2312
2352
2378
2413
2418
2391
2462
2096
2309
2407
2101
2497
2098
2499
2496
2372
2521
2525
2492
2524
2519
2527
2514
2513
2523
2509
2494
2377
2370
2536
2528
2512
2534
2444
2530
2537
2529
2511
2531
2547
2550
2491
2585
2563
2600
2590
2581
2596
2582
2583
2613
2609
2632
2607
2595
2618
2621
2633
2636
2598
2584
2373
2414
2579
2602
2552
2554
2644
2555
2631
2553
2516
2612
2446
2626
2557
2556
2346
2558
2411
2655
2668
2659
2661
2671
2670
2662
2541
2664
2669
2657
2544
2658
2667
2673
2685
2681
2651
2679
2678
2538
2684
2680
2701
2698
2696
2695
2634
2677
2700
2646
2663
2543
2174
2674
2690
2191
2507
2665
2575
2501
2508
2569
2588
2686
2410
2574
2561
2545
2688
2640
2635
2443
2503
2642
2603
2589
2504
2619
2608
2593
2551
2717
2792
2788
2789
2734
2796
2793
1858
2799
2705
2798
2652
2777
2804
2780
2778
2779
2800
2712
2559
2239
2783
2704
2742
2810
2703
2480
2421
2540
2431
2816
2809
2675
2817
2803
2821
2758
2735
2818
2754
2857
2858
2859
2827
2849
2852
2840
2960
2869
2954
2962
2947
2959
2961
2983
2963
2974
2981
2982
2987
2988
2984
2833
2985
2970
2989
2921
2872
2867
2994
2929
2923
2992
2881
2873
2997
2920
2998
2991
2975
2916
2831
2913
3002
2938
3010
2930
2719
2931
3025
3024
2935
2949
3023
3021
3006
2868
2832
2919
2894
2972
3034
2969
2945
3007
2888
3016
2946
2958
2948
2887
3015
3019
2842
3068
3075
3008
3033
3076
2933
2879
3072
3073
3070
3064
3077
3046
3053
3055
2726
3078
3080
3061
3060
3056
3081
3049
3054
3005
2877
3043
3083
3087
3085
2874
3040
3096
3101
3084
3113
3103
3092
3088
3089
2861
3125
3122
3129
3116
3120
2973
3119
3123
3131
3118
3155
3136
3140
2942
3139
3143
3135
3133
3141
3159
3160
3167
3164
2906
3177
3191
3151
3181
2939
3218
3210
3215
3219
3217
3220
3216
3203
3208
3222
3195
2926
2922
3196
3150
3180
3224
3147
3226
2917
2870
3193
3202
3232
2943
2928
3001
2911
3238
2999
3236
2862
3004
3050
3048
3057
3183
3069
3059
3017
3036
3062
3012
3275
3320
3318
3273
3256
3316
3244
3302
3323
3254
3243
3248
3324
3255
3311
3326
3303
3328
3306
3305
3322
3292
3284
3287
3331
3289
3291
3348
3276
3282
3342
3260
2891
3271
3332
3067
3039
2884
3239
2902
3031
3028
3349
3283
3354
3353
3356
3268
3343
3347
3346
2971
2876
3335
3299
3334
3341
3296
3351
3253
2932
3301
3294
2903
2830
3310
3304
3250
3327
2729
3270
2724
3319
3330
3265
2865
2845
3315
3035
3241
3267
2905
2934
3281
2968
3246
2838
2927
2950
3240
3000
2936
2863
3003
2843
3071
2990
3262
2957
3038
3272
3249
3321
3247
3337
3009
3352
3339
3285
2977
3290
3312
3269
3251
2875
2851
2829
3261
3252
3359
2898
3381
3380
3382
2886
3411
3479
3409
3477
3473
3410
3374
3430
3478
3407
3390
3488
3401
3464
3498
3502
3503
3458
3497
3500
3510
3417
3394
3376
3370
3372
3509
3437
3413
3515
3516
3518
3514
3425
3513
3544
3545
3534
3446
3542
3541
3529
3530
3533
3538
3522
3524
3455
3442
3512
3523
3403
3435
3527
3495
3535
3451
3454
3363
3441
3467
3439
3448
3414
3447
3493
3416
3536
3444
3532
3436
3440
3517
3507
3431
3438
3462
3472
3408
3565
3559
3556
3564
3567
3562
3589
3594
3426
3583
3600
3597
3604
3553
3496
3596
3595
3492
3570
3432
3586
3459
3453
3592
3609
3445
3598
3614
3629
3360
3384
2844
3606
3377
3422
3647
3642
3602
3640
3652
3653
3421
3577
3582
3662
3371
3678
3676
3682
3669
3470
3674
3666
3663
3670
3671
3681
3659
3420
3392
3365
3429
3661
3463
3367
3683
3665
3677
3576
3434
3361
3402
3366
3400
3679
3664
3471
3680
3452
3673
3580
3405
3386
3375
3637
3489
3456
3450
3483
3660
3364
3578
3575
3474
3560
3427
3657
3482
3387
3460
3615
3378
3650
3684
2893
3373
3280
3558
3638
3631
3644
3641
3643
3655
3646
3528
3572
3485
3667
3465
3568
3639
3685
3686
3688
3621
3627
3624
3693
3692
3623
3011
3625
3626
3691
3020
3690
3277
3309
3603
3571
2899
3574
3635
3630
3634
3616
3032
3552
2883
3633
3587
3632
3278
2896
3313
3333
2882
2885
2847
2839
3619
3628
3694
3695
3698
3696
3699
3717
3718
3702
3700
3804
3802
3805
3795
3797
3803
3796
3799
3798
3849
3848
3720
3817
3853
3821
3814
3858
3771
3830
3828
3826
3773
3824
3878
3876
3781
3867
3811
3710
3864
3886
3893
3892
3822
3873
3880
3855
3704
3896
3763
3719
3716
3831
3879
3755
3912
3888
3810
3772
3911
3910
3820
3806
3882
3737
3722
3777
3752
3872
3909
3708
3908
3914
3734
3834
3918
3775
3890
3744
3712
3917
3874
3900
3904
3907
3923
3901
3925
3784
3788
3856
3776
3723
3778
3774
3726
3929
3836
3706
3862
3851
3768
3711
3839
3735
3863
3931
3829
3928
3792
3729
3739
3707
3725
3758
3724
3854
3730
3813
3815
3759
3930
3818
3769
3926
3832
3761
3915
3709
3850
3808
3794
3899
3945
3932
3933
3970
3948
3975
3976
3938
4008
4076
3973
3966
4005
4075
4081
4079
4082
4004
4083
3981
4080
3947
4017
4014
3978
3960
3979
4019
4067
4016
4028
4027
4031
4029
4024
4037
4086
4091
4092
4022
4070
4071
4047
4030
3936
4108
4109
3967
4110
4121
4012
4098
4119
4117
4099
4104
4096
4143
4122
4113
4163
4100
4162
4115
4114
4157
4147
4148
4155
4156
4159
4045
3958
3996
3988
4064
3994
4063
4166
4171
4057
4194
4056
4169
4132
4175
4187
4197
4198
4199
4124
4036
4055
4058
4193
4203
4167
4046
4215
4190
4205
4206
4170
4188
4207
4052
4049
4200
4137
4232
4051
4035
4212
4218
4208
4021
4180
4023
4241
4240
4224
4227
4239
4217
4220
4219
4216
4168
4246
4247
4245
4300
4303
4065
4244
4306
4310
3991
4305
4233
4314
4106
4298
4317
4312
3985
4327
3995
4319
4044
4283
4324
4320
4234
3959
4250
4318
3935
4261
4001
4279
4242
4263
4331
4349
4347
4107
4350
4353
4340
4176
4345
4363
3939
4351
4362
4359
4325
4274
4358
4360
4375
4140
4384
4364
4226
4225
4380
4389
4385
4378
4387
4392
4266
4395
3982
4391
4388
4381
4295
4286
4272
3965
4281
4294
4304
4302
4297
4316
4291
4390
4285
3949
4277
4397
4280
4257
4284
4396
4398
4367
3983
4366
4365
4289
4125
3964
4344
4408
4394
4134
3943
4236
4094
4383
4369
4406
4007
3984
4235
4326
3990
4414
4413
4417
4419
4372
4276
4474
4476
4466
4473
4456
4475
4470
4374
4439
4412
4435
4438
4469
4467
4485
4490
4463
4288
4492
4491
4505
4231
4230
4130
4290
4503
4501
4520
4003
4322
4512
4510
4085
4516
4518
4151
4508
4521
4405
4254
4529
4095
4429
4471
4273
4426
4068
4229
4499
4523
4403
4368
4540
4333
4534
4530
4135
4336
4293
4264
4020
4514
4299
4525
3950
4041
4535
4509
4418
4483
4551
4544
4546
4547
4548
4552
4296
4550
4335
4532
4301
4498
4329
4323
4556
4428
4593
4495
4609
4599
4604
4603
4590
4598
4608
4436
4564
4541
4596
4601
4602
4589
4275
4377
4588
4597
4565
4415
4450
4421
4410
4154
4496
4252
4488
4559
4542
4382
4613
4487
4452
4255
4610
4611
3956
4612
4560
3937
4563
4489
4482
4484
4461
4146
4153
4386
4432
4145
4370
3942
4458
4379
4581
4583
4586
4587
4579
4584
4465
4595
4433
4416
4407
4040
4486
3957
4511
3954
4271
4554
4424
4451
4427
4048
4620
4569
4566
4582
4577
4555
4502
4543
4262
4493
4265
4617
4258
4623
4251
4409
4270
4138
4136
4060
3952
4342
3946
4133
4632
4455
4625
4672
4671
4669
4619
4622
4472
3944
4446
4400
4615
4662
4670
4460
4573
4649
4642
4668
4661
4638
4665
4654
4653
4667
4570
4663
4666
4561
4637
4621
4651
4567
4628
4655
4633
4660
4634
4558
4128
4557
4430
4268
4338
4640
4630
4639
4641
4629
4533
4636
4422
4618
4449
4658
